     2
     6
  8257
   585
   191
   100
   190
 -1995
 -1614
 -1616
 -1618
 -1620
     0
     0
 -1622
     0
     0
 -1623
 -1625
 -1626
 -1627
 -1628
 -1629
 -1630
 -1631
 -1632
 -1633
 -1634
 -1635
 -1636
 -1637
 -1638
     0
 -1639
 -1640
 -1641
 -1642
 -1643
 -1644
 -1645
 -1647
 -1649
 -1651
     0
 -1652
 -1655
     0
     0
     0
 -1658
 -1660
 -1663
     0
 -1665
 -1667
 -1669
 -1672
     0
     0
 -1676
 -1678
 -1680
 -1682
 -1684
 -1686
 -1689
 -1695
 -1698
 -1700
 -1704
 -1707
 -1710
 -1711
 -1714
 -1715
 -1716
 -1717
 -1718
 -1719
 -1720
 -1721
 -1724
 -1725
 -1728
     0
     0
     0
     0
 -1731
 -1733
     0
 -1736
 -1737
 -1739
 -1742
 -1744
 -1745
 -1746
 -1747
 -1754
     0
     0
 -1755
 -1757
 -1761
     0
 -1763
 -1766
     0
 -1773
 -1776
 -1780
 -1787
 -1790
 -1795
 -1797
 -1800
 -1803
 -1806
 -1808
 -1811
     0
 -1813
 -1816
 -1818
 -1820
 -1821
     0
 -1823
 -1826
 -1831
 -1834
 -1839
 -1848
 -1851
 -1853
 -1856
 -1859
 -1861
 -1864
     0
 -1869
     0
 -1872
     0
     0
 -1874
 -1884
 -1891
 -1892
 -1895
 -1898
 -1903
 -1908
     0
 -1911
 -1922
 -1928
 -1934
 -1942
 -1950
 -1952
 -1953
 -1960
     0
 -1963
 -1966
     0
     0
     0
     0
     0
     0
     0
     0
     0
     0
     0
     0
     0
     0
     0
     0
     0
     0
     0
     0
 -1970
 -1973
     0
     0
     0
     0
     0
 -1976
 -1992
     0
     0
     0
     0
     0
     0
     0
     0
     0
     0
     0
     0
     1
     5
    10
    15
    20
    29
    39
    40
    47
    54
    64
    68
    71
    74
    77
    78
    81
    82
    86
    91
    94
    95
   101
   104
   108
   112
   117
   118
   122
   126
   129
   135
   141
   146
   152
   158
   167
   171
   174
   188
   195
   203
   206
   210
   215
   220
   222
   224
   227
   230
   233
   236
   238
   241
   243
   246
   249
   252
   255
   258
   260
   264
   267
   269
   270
   272
   275
   279
   282
   286
   292
   295
   299
   302
   303
   307
   316
   317
   318
   322
   326
   331
   336
   363
   366
   370
   374
   378
   379
   380
   382
   386
   388
   395
   398
   401
   403
   404
   408
   411
   413
   420
   422
   424
   429
   432
   435
   442
   447
   454
   458
   462
   469
     0
   474
   477
   479
   481
   483
   484
   494
   496
   506
   508
   510
   513
     0
   514
     0
   516
   518
   525
   530
   537
   539
   540
   542
   549
   576
   578
     0
   579
   582
   585
   589
   596
   598
   601
   604
   607
   610
   611
     0
     0
   612
   621
   622
   628
   632
   635
   645
   658
   679
   700
   702
   714
   729
   737
   745
   753
   761
   769
     0
     0
     0
     0
   777
   804
   808
   814
   816
   818
   827
   832
   841
   843
     0
   851
   856
   860
     0
     0
     0
     0
     0
     0
     0
     0
     0
     0
     0
     0
     0
     0
     1
     2
     0
     3
     4
     0
     0
     0
     0
     0
     0
     0
     0
     0
     0
     0
     0
     0
     0
     0
     5
     0
     0
     0
     0
     0
    11
    11
    11
    11
    11
     6
     0
     0
     7
     8
     9
     0
     0
     0
    10
     0
     0
     0
     0
    12
    12
     0
    13
     0
     0
     0
     0
     0
     0
     0
     0
     0
     0
    14
     0
     0
     0
     0
     0
     0
     0
     0
     0
     0
    15
    15
    16
    17
    18
    19
     0
     0
    20
     0
     0
     0
     0
     0
     0
     0
     0
     0
    21
    22
     0
     0
     0
    23
     0
     0
    25
     0
    27
     0
     0
     0
     0
     0
     0
    28
    28
    29
     0
    30
     0
    31
     0
    32
     0
    33
     0
     0
     0
     0
     0
     0
     0
     0
     0
     0
     0
     0
    34
     0
    35
     0
    58
    36
     0
     0
    37
     0
     0
     0
     0
     0
    24
     0
     0
     0
     0
     0
     0
     0
    26
     0
    48
     0
     0
    47
    42
    41
    40
    39
    38
    51
    45
    45
    44
    44
    43
    43
    39
    39
    39
    39
    46
    50
    49
     0
     0
    52
    53
    54
    55
    56
    57
     0
    59
    60
     0
     0
     0
     0
     0
     0
     0
     0
     0
     0
     5
     0
     0
     0
     0
    10
     0
     0
    25
     0
     0
     0
     0
     0
     0
     0
     0
     0
     0
     0
     0
     0
     0
     0
     0
     0
     0
     0
     0
     0
     0
     0
     0
     0
     0
     0
     0
     0
     0
     0
     0
     0
     0
     0
     0
     0
     0
     0
     0
     0
     0
     0
     0
     0
     0
     0
     0
     0
     0
     0
     0
     0
     0
     0
     0
     0
     0
     0
     0
     0
     0
     0
     0
     0
     0
     0
     0
     0
     0
     0
     0
     0
     0
     0
     0
     0
     0
     0
     0
     0
     0
     0
     0
    30
     0
     0
     0
     0
     0
     0
     0
    10
    25
     0
     0
     0
     0
     0
     0
     0
     0
     0
     0
     0
     0
     0
     0
     0
     0
     0
     0
     0
     0
     0
     0
     0
     0
     0
     0
     0
     0
     0
     0
     0
     0
     0
     0
     0
     0
     0
     0
    10
     0
     0
     0
     0
     0
     0
     0
     0
     0
     0
     0
     0
     0
     0
     5
    10
     0
     0
     0
     0
     0
     0
     0
    15
     0
     0
     0
     0
     0
     0
     0
     0
     0
     0
    15
    20
     0
     0
     0
     0
     0
     0
     0
     0
    35
     0
     0
     0
     0
     0
     0
     0
     0
     0
     0
     0
     0
     0
  8192
 25632
 25632
 25632
 25632
 25664
  8256
 25664
  8192
  8192
  8192
  8192
  8192
  8192
  8192
  8192
  8192
  8192
  8192
  8192
  8192
  8192
  8192
  8192
  8192
  8192
  8192
  8192
  8192
  8192
 25632
 25632
 25632
 25632
 25632
 25632
  8192
  8192
  8704
  4128
  8704
  8704
  4128
  8192
  8192
  8192
  8192
  8192
  8192
  8192
 24576
  8192
  8192
  8192
  8192
  8192
  8192
  8192
  8192
  8192
  8192
  8192
  8192
  9216
  8192
  8192
  8192
  8192
  8192
  8192
  8192
  8192
  8192
  8192
  9216
  9216
  8192
  9216
  8192
  8192
  8192
  8192
  8192
  8192
  8192
  8192
  8192
  8192
  8192
  8192
  8192
  8192
 24576
 24576
  8192
 25600
 25600
 25088
 24576
  8192
  8192
  8192
  8192
  8192
 24576
 26144
  5664
  5664
  5664
  9728
  9728
  5664
  5664
  8192
  9760
  9760
  9760
  8192
  8224
  9760
 25632
 25120
 26144
 25632
 25632
  8192
  3104
  3104
  3104
  3104
  8192
  8192
  8192
  8192
 24576
  8192
  8192
  8192
  8192
 24576
  8224
  8320
  8320
  8192
  8192
  8192
 24608
  8192
  8192
  8192
  8192
  8192
  9216
  9216
 24576
  8192
  8208
 24592
 24592
 24592
 24592
 24592
 24592
 24592
 24592
 24592
 24592
 24592
 24592
 24592
 24592
 24592
 24592
 24592
 24592
 24592
 24592
 24592
 24592
 24592
 24592
 24592
 24592
 24592
 24592
 24592
 24592
 24576
  8192
 24576
     0
     0
     0
     0
     0
     0
     0
     0
     0
     0
   887
  3155
  7178
 10277
-31707
  1027
  5124
  7199
-29440
 -2883
  7170
  3077
  1057
-27392
 -2884
  7170
  3077
  5152
-31488
 -2885
  1027
  5124
  3108
  7942
     0
    63
-18682
     0
    63
  7176
  9223
 10496
 -2886
  3845
     0
    63
-17659
     0
    63
-22522
  3078
  7782
 -2887
    13
-21751
     0
    66
  3082
  5202
  7424
 -2888
-22776
     0
    66
  7177
  3665
 -2889
     1
  1537
 -2890
     1
-27125
 -2891
     1
  7178
  1035
  5132
-29682
  5131
  1038
-29683
  7180
  1038
-23536
  7181
  1035
-29681
-27634
  3089
  1037
-26606
-25584
 10256
  3091
  7186
-23530
  9245
  7186
  2063
  3092
-27618
  2067
  7188
-28651
-31724
  1042
  3096
 10263
  5148
  7194
-24554
  3094
  7196
-23528
  2073
 10263
  8220
-26598
 10020
 -2892
    65
-26600
  7184
  6168
  3100
  9238
-31717
-27622
  3094
 10266
  5143
-25576
  7198
  8221
  2067
-27629
  7197
  5139
-30619
  1055
  3105
  5152
  7199
-23296
 -2893
  1028
  3108
  5154
  7199
-23296
 -2894
  1056
  3108
  5156
  7171
-23405
  3197
  1059
  5154
  7200
-23296
 -2895
  1059
  4221
  5154
  7200
-23296
 -2896
 11033
 -2897
    65
  6149
  4131
  1060
  3108
  7201
-27616
  5121
 10279
  3157
-25562
  7205
  3151
-24532
 11304
  7210
  5669
 -2898
   275
  9776
 -2899
   275
 15912
 -2900
     6
-31192
 -2901
     6
  1065
  5159
  9259
 10496
 -2902
-20224
 -2903
  1071
 11304
 15912
 -2904
     6
-27096
 -2905
     6
 11307
  3111
-31699
 12330
 10280
-23296
 -2906
  9261
  5252
-29146
 -2907
   275
  1066
  3116
-25042
     0
     8
  7304
-27603
  4137
-23500
  8231
  3170
-27565
  3159
  7252
-23466
  7224
  1078
-29644
  7225
  1079
-29643
  1074
-22481
  1079
  7219
-22435
  5170
-26568
  5173
  6195
-31649
  3122
  7226
-31690
  3123
-31488
 -2908
  3128
 10249
-31685
  5178
  8252
-30659
  7246
-27589
  7227
  1086
-22272
 -2909
  5181
  7231
-30654
 10304
-29634
-23489
 10313
-23480
  1093
  6211
-29634
  5186
  7238
  9284
-30651
  7235
  2118
-29626
  9286
  2119
  5186
-25533
 10311
  1096
  7235
  5188
  9284
-29627
  4165
  9286
-24504
  3138
  7238
 10305
-27577
  2122
  5195
-23487
-27575
  1097
-26036
 -2910
    29
  3149
  9472
 -2911
 14923
 -2912
    29
-30133
 -2913
    29
-24500
-29636
  3110
-21936
 -2914
     7
  7248
 10321
-23296
 -2915
  1106
  5224
  3082
-23296
 -2916
  7177
  1105
  5225
-22272
 -2917
  1626
     0
   516
  5722
     0
   516
  3679
     0
   516
  7681
     0
   516
  8752
     0
   516
  2644
     0
   516
  4665
     0
   516
  6667
     0
   516
-17864
     0
  1284
  1109
  2097
-27565
  5157
  3156
-22272
 -2918
  5169
  3170
-25344
 -2919
  5169
  3190
  1112
-25511
-26537
-29609
  1107
-28581
 10330
-29092
 -2920
    10
  3215
-25509
  9269
  3678
 -2921
    11
-18850
 -2922
    11
  3209
 14429
-25507
  7251
  3127
-23456
  7263
-29599
-25504
  5168
 10346
  3158
-31645
  5218
  1124
-29596
  5219
-25501
  7198
  1638
 -2923
    13
-22937
 -2924
    12
  5221
-29688
 10341
-29508
  1105
  8297
-23034
 -2925
   782
  1106
  5224
-25452
  1122
  9314
-21397
  7274
 12394
 10348
  9472
 -2926
-29440
 -2927
 10349
  9472
 -2928
-29440
 -2929
 10352
  3182
  7285
  9472
 -2930
-20224
 -2931
 11373
-27025
 -2932
    30
 11376
-31122
 -2933
    30
 10353
  3183
  7284
 12544
 -2934
-23296
 -2935
 10354
  7283
 12403
-23296
 -2936
 11377
  1140
-27528
 11376
-27533
 11373
-24458
  5237
-24489
-18312
 10496
 -2937
  1139
 13431
  3705
     0
    27
-22919
     0
    27
  3194
-25480
  4219
  9849
     0
    27
  8825
     0
    27
-24967
     0
    27
  1146
-23428
  9341
-22405
 10364
  5154
-25565
-31608
  7299
-20349
 12421
-25467
 11392
  5254
 10496
 -2938
-24962
     0
    17
  3116
 10496
 -2939
-17152
 -2940
 11394
  5255
 10496
 -2941
-24962
     0
    17
  1155
-18301
-31611
  5246
-25554
  7262
  1949
     0
   119
-18531
     0
   119
  1675
     0
  1056
  5771
     0
  1056
  3723
     0
  1568
  7819
     0
  1056
  2704
     0
  1056
  4752
     0
  1568
  6800
     0
  1056
  8848
     0
  1056
-17776
     0
  1568
  7306
-27508
-31605
  3216
-22272
 -2942
  7260
-23296
 -2943
  7310
  8330
-29440
 -2944
  3218
  8448
 -2945
  7424
 -2946
-22272
 -2947
 14481
-25455
 10273
-23296
 -2948
  8341
  2198
-27543
  1175
  5268
-25445
  1176
  5268
-29541
-27500
-27500
  1280
 -2949
  7829
 -2950
  1824
  3734
 -2951
  1824
-27492
-31589
 15241
     0
   119
-26743
     0
   119
  1183
 10399
-27392
 -2952
  5278
  9374
-31584
  1697
     0
  2080
  2721
     0
  2080
  8865
     0
  2080
-27489
  1698
     0
  2080
  2722
     0
  2080
  8866
     0
  2080
  5280
-18767
 -2953
  2336
  1699
     0
  2080
  2723
     0
  2080
  8867
     0
  2080
  5793
     0
  2080
  4769
     0
  2080
  6817
     0
  2080
-18767
 -2954
  2336
  1700
     0
  2080
  2724
     0
  2080
  8868
     0
  2080
  5794
     0
  2080
  4770
     0
  2080
  6818
     0
  2080
-18767
 -2955
  2336
  1189
-27485
  1190
  2214
  8358
  5796
     0
  2080
  4772
     0
  2080
-25948
     0
  2080
  1970
     0
   173
 14258
     0
   173
  5797
     0
  2080
  4773
     0
  2080
-25947
     0
  2080
 14001
 -2956
  2336
  7857
 -2957
  2336
  1186
-27488
 14001
 -2958
  2336
  3761
 -2959
  2336
  1186
-27488
 14001
 -2960
  2336
  7857
 -2961
  2336
  1187
-27487
 14001
 -2962
  2336
  3761
 -2963
  2336
  1187
-27487
 14001
 -2964
  2336
  7857
 -2965
  2336
  1188
-27486
 14001
 -2966
  2336
  3761
 -2967
  2336
  1188
-27486
  1697
     0
  2592
  5793
     0
  2592
  3745
     0
  2592
  7841
     0
  2592
  2721
     0
  2592
  8865
     0
  2592
  4769
     0
  2592
  6817
     0
  2592
-17759
     0
  2592
  1203
-26714
     0
   173
  7348
  3253
  1976
     0
  2988
-27470
  5299
-31562
  1206
-27469
  3253
  7348
  1207
  6072
     0
   175
-18504
     0
   175
  5302
  1280
 -2968
-22272
 -2969
 15286
     0
   175
  1974
     0
   175
-26701
 -2970
  2988
-18176
 -2971
  1280
 -2972
  6075
     0
   172
-17477
     0
   172
  5309
  7271
-21826
     0
  3104
  1212
-28994
 -2973
  3373
  1726
     0
  3616
  2750
     0
  3616
  3774
     0
  3616
  4798
     0
  3616
  5822
     0
  3616
  6846
     0
  3616
  7869
     0
  3616
  8894
     0
  3616
-22852
     0
  3616
     0
     0
     0
     0
     0
     0
     0
     0
     0
     0
     0
     0
     0
     0
   216
 -2186
 -2187
 -2188
 -2189
 -2190
 -2191
     0
 -2192
 -2193
 -2194
 -2195
 -2196
 -2197
 -2198
 -2199
 -2200
     0
 -2201
 -2202
 -2204
 -2205
 -2206
 -2207
 -2208
 -2209
 -2210
 -2211
     0
     0
 -2212
 -2213
 -2214
 -2215
 -2216
 -2217
     0
 -2218
 -2219
 -2220
 -2221
 -2222
     0
 -2223
     0
 -2224
 -2225
 -2226
 -2227
 -2228
 -2229
 -2230
 -2231
 -2232
 -2233
 -2234
 -2235
 -2236
     0
 -2237
 -2238
 -2239
 -2241
     0
     0
     0
     0
     0
     0
     0
     0
     0
     0
     0
     0
     0
     0
     0
     0
     0
     0
     0
     0
     0
     0
 -2242
 -2243
 -2244
 -2245
 -2246
 -2247
 -2248
 -2249
     0
 -2250
 -2251
 -2252
 -2253
 -2254
     0
     0
     0
 -2257
 -2258
 -2259
     0
 -2260
     0
 -2261
 -2262
 -2263
 -2264
 -2265
 -2266
 -2267
 -2268
 -2269
 -2270
 -2271
     0
 -2272
 -2273
 -2274
 -2276
 -2277
 -2278
 -2279
     0
     0
     0
     0
     0
 -2280
 -2282
 -2283
     0
     0
 -2284
 -2286
 -2287
 -2288
 -2289
 -2290
 -2291
     0
     0
     0
     0
 -2292
 -2293
     0
     0
 -2294
 -2295
 -2296
 -2297
 -2298
 -2299
 -2300
     0
     0
     0
     0
     0
     0
     0
     0
     0
     0
     0
     0
     0
     0
     0
     0
     0
     0
     0
     0
     0
     0
     0
     0
     0
     0
     0
 -2301
     0
 -2302
     0
     0
     0
     0
     0
     0
     0
     0
     0
     0
     0
     0
     0
     0
     0
     0
     0
     0
     0
     0
     0
     0
     0
     0
     0
     0
 -2303
     0
     0
     0
     0
     0
 -2304
 -2305
 -2306
 -2307
 -2308
 -2309
 -2310
 -2311
 -2312
 -2313
 -2314
 -2315
 -2316
 -2317
 -2318
 -2319
 -2320
 -2321
 -2322
 -2323
 -2324
 -2325
 -2326
 -2327
 -2328
 -2329
 -2330
 -2331
 -2332
 -2333
 -2334
 -2335
 -2336
 -2337
 -2338
 -2339
 -2340
 -2341
 -2342
 -2343
 -2344
 -2345
 -2346
 -2347
 -2348
 -2349
 -2350
 -2351
 -2352
 -2353
 -2354
 -2355
 -2356
 -2357
 -2358
 -2359
 -2360
 -2361
 -2362
 -2363
 -2364
 -2365
 -2366
 -2367
 -2368
 -2369
 -2370
 -2371
 -2372
 -2373
 -2374
 -2375
 -2376
 -2377
 -2378
 -2379
 -2380
 -2381
 -2382
 -2383
 -2384
 -2385
 -2386
 -2387
 -2388
 -2389
 -2390
 -2391
 -2392
 -2393
 -2394
 -2395
 -2396
 -2397
 -2398
 -2399
 -2400
 -2401
 -2402
 -2403
 -2404
 -2405
 -2406
 -2407
 -2408
 -2409
 -2410
 -2411
 -2412
 -2413
 -2414
 -2415
 -2416
 -2417
 -2418
 -2419
 -2420
 -2421
 -2422
 -2423
 -2424
 -2425
 -2426
 -2427
 -2428
 -2429
 -2430
 -2431
 -2432
 -2433
 -2434
 -2435
 -2436
 -2437
 -2438
 -2439
 -2440
 -2441
 -2442
 -2443
 -2444
 -2445
 -2446
 -2447
 -2448
 -2449
 -2450
 -2451
 -2452
 -2453
 -2454
 -2455
 -2456
 -2457
 -2458
 -2459
 -2460
 -2461
 -2462
 -2463
 -2464
 -2465
 -2466
 -2467
 -2468
 -2469
 -2470
 -2471
 -2472
 -2473
 -2474
 -2475
 -2476
 -2477
 -2478
 -2479
 -2480
 -2481
 -2482
 -2483
 -2484
 -2485
 -2486
 -2487
 -2488
 -2489
 -2490
 -2491
 -2492
 -2493
 -2494
 -2495
 -2496
 -2497
 -2498
 -2499
 -2500
 -2501
 -2502
 -2503
 -2504
 -2505
 -2506
 -2507
 -2508
 -2509
 -2510
 -2511
 -2512
 -2513
 -2514
 -2515
 -2516
 -2517
 -2518
 -2519
     0
     0
     0
     0
 -2520
     0
     0
     0
     0
     0
     0
     0
     0
     0
 -2521
 -2522
 -2523
 -2524
 -2525
     0
     0
     0
     0
     0
 -2526
 -2527
     0
     0
     0
     0
     0
     0
     0
     0
 -2528
 -2529
     0
 -2530
     0
     0
     0
     0
     0
     0
     0
     0
     0
     0
 -2531
 -2532
 -2533
 -2534
 -2535
     0
     0
     0
     0
     0
     0
     0
     0
     0
     0
 -2537
     0
     0
     0
     0
     0
     0
     0
     0
     0
     0
     0
     0
     0
     0
     0
     0
     0
     0
     0
     0
     0
     0
     0
     0
 -2539
     0
     0
     0
     0
     0
     0
 -2540
     0
     0
     0
     0
     0
     0
     0
     0
     0
     0
     0
 -2541
     0
     0
     0
 -2542
     0
     0
     0
     0
     0
     0
     0
     0
     0
     0
     0
     0
 -2543
 -2545
     0
     0
     0
     0
     0
     0
     0
     0
     0
     0
     0
     0
     0
     0
     0
     0
     0
     0
     0
     0
     0
     0
     0
     0
     0
 -2548
 -2549
     0
     0
     0
 -2550
 -2551
     0
     0
 -2557
 -2561
     0
     0
     0
     0
     0
     0
     0
     0
     0
     0
     0
     0
     0
     0
     0
     0
     0
     0
     0
     0
     0
     0
     0
     0
     0
     0
     0
     0
     0
 -2567
     0
     0
     0
     0
     0
     0
     0
     0
     0
     0
     0
     0
     0
     0
     0
     0
     0
     0
     0
     0
     0
     0
     0
     0
     0
     0
     0
     0
     0
     0
     0
     0
     0
     0
     0
     1
     0
     0
   100
     0
     2
     3
   101
     4
     0
     5
     6
     0
     7
   102
   103
     0
   104
     0
     0
     8
     0
     0
     0
     9
     9
   105
     0
     0
     0
     0
    10
    10
     0
     0
     0
     0
     0
    11
     0
     0
     0
     0
   106
   107
     0
     0
   108
     0
     0
    12
     0
     0
     0
   109
    13
    14
   110
     0
   111
    15
    16
    17
    18
    18
    18
    19
     0
     0
   112
     0
     0
     0
     0
    20
    21
    21
    21
    21
   113
     0
     0
     0
    22
    23
     0
    24
     0
   114
     0
     0
     0
     0
     0
   115
     0
     0
    25
     0
     0
     0
    26
     0
     0
     0
   123
    27
    28
     0
     0
     0
     0
     0
     0
     0
   130
   116
    29
     0
     0
     0
     0
   117
   118
   118
   118
     0
     0
   119
     0
     0
     0
     0
   120
   121
   122
   122
   122
    30
     0
     0
     0
     0
    37
    32
     0
     0
    33
    34
     0
    35
     0
     0
    36
    36
   125
   125
   125
   125
   126
   126
     0
     0
    41
     0
     0
    42
    43
    44
    45
    46
    47
    48
    49
     0
     0
     0
     0
   129
     0
     0
     0
     0
    52
     0
     0
     0
     0
     0
   124
     0
     0
     0
     0
    38
    31
     0
     0
     0
    39
     0
    40
    40
    40
    40
   101
   127
     0
    50
    51
     0
   128
   131
     0
     0
     0
     0
-24432
-23552
-23552
-24576
-24560
-24576
-32640
-24576
-30592
-22400
-24320
-24576
-24576
-24576
-24512
-24576
-32256
-24560
-32736
-32768
-24576
-24576
-24572
-32768
-24576
-24576
-24576
-32736
-32736
-32736
-24576
-24576
-24448
-24499
-30720
-32768
-24576
-24576
  8320
-24576
-16384
-32736
-24448
-15872
  8192
-24576
 -8048
-24503
 -8176
 -8176
 -8192
 -8176
-32640
 -8064
-24572
-24572
-24572
-32736
-24448
-24560
-32736
-32768
-28160
-32254
-28160
  4608
-11776
-28160
-28160
-32254
-32768
-32768
-32256
-32256
-32256
-32256
-32256
-32256
-32256
-32256
-32256
-32256
-32256
-32256
  8192
  8192
-24560
-24560
-24572
-24560
 -8176
-24576
-32768
-24448
-24576
-24572
-24576
-32768
-32640
-32768
-32768
-32768
-32768
 -8192
-32640
 -8176
-32768
-24576
-24576
-24560
-32736
 -8176
-24576
 -8064
 -8064
 -8064
 -8064
 -8176
-11776
-32768
-24576
 -8176
-30720
-24576
-32256
-32768
-32256
-32256
-32256
-15872
-15872
-22528
-32736
  8192
-32768
-32768
-32768
-23552
 -7168
 -7168
 -7168
-32736
 -8176
-32256
-32256
-32256
-32256
 -8176
 -8176
-16384
-32768
-32736
-24560
-24448
-24448
-24576
-24576
-24576
-32256
-32256
-32256
-32256
-32256
-32256
-32256
-32256
-32256
-32256
-32256
-32256
-32256
  4608
-28160
-28160
-28160
-32256
-32254
-32256
-32256
-32256
-32256
-32256
-32256
-32256
-32256
 -8176
-32256
 -8192
-32256
     0
     0
-32256
-32256
-24064
-24064
-32256
-32256
-32256
-32768
-32252
-32252
-32256
-32256
-32256
-32256
-32256
-32256
-32256
-30720
-32224
-32256
-32256
-32256
-32256
-32736
-32256
     0
     0
     0
     0
     0
     0
     0
    32
     0
     0
     0
     0
     0
     0
    32
  4096
   512
   512
     0
     0
    32
     0
   128
   512
   512
     0
     0
    32
     0
  8192
     0
    32
    32
     0
     0
     0
  8192
     0
     8
     0
     0
     0
     0
     0
  8192
     0
     0
  8192
     0
     0
     0
     0
     0
     0
     0
     0
     0
     0
     0
     0
     0
   128
     0
     0
   128
   512
     0
     0
     0
     0
     0
     0
     0
     0
     0
     0
    32
     0
     0
     0
     0
     0
     0
     0
     0
     0
    32
  2048
     0
     0
     0
     0
     0
    10
     0
     0
     0
-32768
     0
     0
     0
    10
     1
     0
  4096
     0
     0
     0
     0
     0
     8
     0
     9
     0
     0
     0
     0
     0
     0
     0
     0
     0
    32
  8224
     0
     0
     0
     0
     0
  8224
     0
     0
     0
-32768
-32768
     0
     0
     0
     0
     0
    10
     0
     0
     0
     0
  9216
     0
  2048
  2048
  2048
  2048
     0
     0
     0
     0
   128
     8
     0
     8
     0
     0
     0
     0
     0
     0
     0
     0
     0
     0
     0
     0
     0
     0
     0
     8
     0
     0
     0
     0
     0
     0
     0
     0
     0
     0
     0
     0
     0
     0
     0
     8
     0
     0
     0
     0
     0
   128
    16
    16
     0
     0
     0
     0
     0
     0
     0
     0
     0
     0
     0
     0
     0
     0
   128
     0
     0
     0
     0
  9216
     0
     0
     0
     0
     0
     0
     0
     0
     0
     0
     5
     0
    10
     0
     0
     0
     0
     0
     0
     0
     0
     0
     0
     0
     0
     0
     0
     0
     0
    10
    12
     9
     0
     0
     0
    15
     4
     3
    14
     0
     0
     5
     0
     0
    10
     0
     0
     2
     0
    15
     0
     0
     0
     0
     0
     0
     0
     0
     0
     0
     0
     0
     0
    10
     4
     0
     0
     0
     0
     0
     0
     0
     0
     0
     0
     0
     0
     0
     0
     0
     0
     0
     0
     0
     0
     0
     0
     0
     0
    10
    10
     0
     0
     0
     0
     0
     0
     0
     0
     5
     0
     0
     0
     0
     0
     0
     0
     0
    10
     0
     0
     0
    15
     0
     0
     0
     0
     0
     0
     0
     0
     0
     4
     0
     0
     0
     0
     0
     0
     0
     6
     0
     0
     0
     0
     0
     0
     0
     5
     0
     0
     0
     0
     0
     0
     0
     0
     0
     0
     0
     0
     0
    10
    10
     0
     0
     0
     0
     5
     0
     1
     6
     0
     0
     0
     0
     0
     0
     0
     0
     0
     0
     0
     0
     0
     0
     0
     0
     0
     0
     0
     0
     0
     0
     0
     0
     0
     0
     0
     0
     0
     0
    15
     0
     0
     0
     0
     0
     0
     0
     0
     0
     0
     0
     0
     0
     0
     0
     0
     0
     0
     0
     0
     0
     0
     0
     0
     0
     0
     0
     0
     0
     0
     0
     0
     0
     0
     0
     0
     0
     5
     0
     6
     0
     0
     0
     0
     0
     0
     0
     0
     0
     0
     0
     0
     0
     0
     0
     0
     5
    10
     5
     0
     0
     0
     8
    11
     7
     6
     0
     0
     3
     0
     0
    10
     0
     0
     5
     0
     8
     0
     0
     0
     0
     0
     0
     0
     0
     0
     0
     0
     0
     0
    10
     7
     0
     0
     0
     0
     0
     0
     0
     0
     0
     0
     0
     0
     0
     0
     0
     0
     0
     0
     0
     0
     0
     0
     0
     0
    10
    13
     0
     0
     0
     0
     0
     0
     0
     0
    10
     0
     0
     0
     0
     0
     0
     0
     0
    12
     0
     0
     0
    10
     0
     0
     0
     0
     0
     0
     0
     0
     0
    10
     0
     0
     0
     0
     0
     0
     0
     6
     0
     0
     0
     0
     0
     0
     0
     5
     0
     0
     0
     0
     0
     0
     0
     0
     0
     0
     0
     0
     0
    15
     5
     0
     0
     0
     0
     5
     0
     1
     2
     0
     0
     0
     0
     0
     0
     0
     0
     0
     0
     0
     0
     0
     0
     0
     0
     0
     0
     0
     0
     0
     0
     0
     0
     0
     0
     0
     0
     0
     0
    10
     0
     0
     0
     0
     0
     0
     0
     0
     0
     0
     0
     0
     0
     0
     0
     0
     0
     0
     0
     0
     0
     0
     0
     0
     0
     0
     0
     0
     0
     0
     0
     0
     3
     5
     5
    10
    20
    10
 10000
     5
 10000
     5
     4
    10
     5
    30
    15
     5
 10000
    25
 10000
    25
    20
    20
    10
 10000
    15
    20
    10
 10000
 10000
 10000
     5
    20
    55
    20
 10000
 10000
    10
    50
    40
    10
     5
 10000
    10
     5
    35
     5
    10
    10
     5
     2
     2
     2
 10000
    10
     6
    10
     5
 10000
    10
    15
 10000
    10
     5
     5
     5
     5
     5
     5
     5
     5
     5
     5
     5
     5
     5
     5
     5
     5
     5
     5
     5
     5
     5
     5
    15
     8
    20
    20
     5
    20
     2
     3
     5
    10
     5
    15
    20
    70
 10000
 10000
 10000
 10000
 10000
    10
 10000
     1
 10000
    10
     9
     1
 10000
     1
    40
    10
    10
    10
    10
     1
     5
     5
    15
    70
 10000
    60
     0
    10
     5
     5
     5
     5
     5
    10
     0
     8
 10000
 10000
   100
    10
     4
     4
     4
     0
     3
     5
     5
     5
     5
    10
    25
     5
     5
     5
    20
     6
     6
     5
     5
     5
     5
     5
     5
     5
     5
     5
     5
     5
     5
     5
     5
     5
     5
     5
     5
     5
     5
     5
     5
     5
     5
     5
     5
     5
     5
     5
     5
     4
     5
     4
     5
     0
     0
     0
     0
     0
     0
     0
     0
     0
     0
     0
     0
     0
     0
     0
     0
     0
     0
     0
     0
     0
     0
     0
     0
     0
     0
     0
     0
     0
     0
     0
    15
     0
     0
     0
     0
     0
    50
     0
 10000
     4
     0
     0
     0
     0
     0
     0
     0
     0
     2
     0
     0
     0
     0
     0
     0
     0
     0
     0
     0
     0
     0
     0
    35
     0
    50
     0
     0
     0
    20
     0
     0
     0
     5
     0
     0
     0
     0
     0
     0
     0
     0
     0
    10
     7
     0
     0
     0
 10000
     5
     0
     5
     0
     0
     0
     0
     0
     0
     0
     0
     0
     0
     0
     0
     0
     0
     0
     0
     0
     0
     0
     0
     0
     0
     0
     0
     0
     0
     0
     0
   100
     0
     0
     0
    20
     0
     0
     0
   100
     6
     0
     0
     0
     0
     0
    15
     0
    10
     0
     2
     0
     0
     0
     0
     2
     2
     2
     2
     0
     0
     0
     0
     0
 10000
     0
     0
     0
     0
     0
     0
     0
     0
     5
     0
     0
     0
     0
   100
     0
     0
     0
     0
     0
     0
     0
     0
     0
     0
     0
     0
     0
     0
     0
    20
     6
     6
     0
     0
     0
     0
     0
     0
     0
     0
     0
     0
     0
     0
     0
     0
     0
  1000
     0
     0
     0
     0
     0
     0
     0
     0
     0
     0
     0
     0
     0
     0
     0
     4
     0
     0
     0
     0
     0
     0
     0
     0
     0
     0
     0
     0
     0
     0
     0
     0
     0
     0
     0
     0
     0
     0
     0
     0
     0
     0
     0
     0
     0
     0
     0
     0
     0
     6
     0
     0
     0
    74
    78
    77
     0
     8
     6
     0
     7
     7
     8
     8
     0
     8
    36
    10
     0
    16
    16
    16
    16
    16
    49
    92
    50
    51
    45
    46
    47
    44
    80
    61
    76
    64
    75
    83
     0
    90
    93
    95
    96
    40
    96
    97
    97
    99
     8
    99
     0
     2
   100
     0
   100
   100
   101
   103
   105
   190
     0
     5
    98
    25
     8
     8
     2
    91
    77
     0
    93
    94
    98
    79
    93
    98
   100
   100
   100
   100
   100
    78
   120
   122
   116
   106
     0
    41
     0
     0
   106
   120
   112
     0
   118
   118
   126
     0
     0
     0
   131
   133
   131
   135
     0
   135
     0
     7
    42
     0
     0
     0
   134
   134
   134
   134
     0
   137
   137
   137
   137
     0
     0
   141
   140
   139
   139
   139
   143
   142
   146
   146
   146
   144
   145
   143
   144
   144
   144
   144
   138
   138
   147
    33
   123
   110
   154
   156
   155
   155
     0
   147
     0
     0
     0
     0
     0
   177
   177
   177
   177
   177
   177
   177
   177
   177
   177
   177
   159
   160
   179
   166
   185
   182
   183
   183
   183
   183
   183
   183
   183
   183
   183
   183
   188
 26000
 18500
 26000
     0
     0
     0
     0
     0
     0
     0
     0
     0
     0
     0
     0
     0
     0
     0
     0
     0
     0
     0
     0
     0
     0
     0
     0
     0
   178
     0
     0
     0
     0
     0
     0
     0
     0
     0
     0
     0
     0
     0
     0
     0
     0
     0
     0
     0
     0
     0
     0
     0
     0
     0
     0
     0
     0
     0
     0
     0
     0
     0
     0
     0
     0
     0
     0
     0
     0
     0
     0
     0
     0
     0
     0
     0
     0
     0
     0
     0
     0
     0
     0
     0
     0
     0
     0
     0
     0
     0
     0
     0
     0
     0
     0
     0
     0
     0
     0
     0
     0
     0
     0
     0
     0
     0
     0
     0
     0
     0
     0
     0
     0
     0
     0
     0
     0
     0
     0
     0
     0
     0
     0
     0
     0
     0
     0
     0
     0
     0
     0
     0
     0
     0
     0
     0
     0
     0
     0
     0
     0
     0
     0
     0
     0
     0
     0
     0
     0
     0
     0
     0
     0
     0
     0
     0
     0
     0
     0
     0
     0
     0
     0
     0
     0
     0
     0
     0
     0
     0
     0
     0
     0
     0
     0
     0
     0
     0
     0
     0
     0
     0
     0
     0
     0
     0
     0
     0
     0
     0
     0
     0
     0
     0
     0
     0
     0
     0
     0
     0
     0
     0
     0
     0
     0
     0
     0
     0
     0
     0
     0
     0
     0
     0
     0
     0
     0
     0
     0
     0
     0
     0
     0
     0
     0
     0
     0
     0
     0
     0
     0
     0
     0
     0
     0
     0
     0
     0
     0
     0
     0
     0
     0
     0
     0
     0
     0
     0
     0
     0
     0
     0
     0
     0
     0
     1
     1
     0
     0
     0
     0
     0
     0
     0
    10
     0
     0
     0
     0
     0
     0
     0
     0
    19
     0
     0
     0
     0
     0
     0
     0
     0
     0
     0
     0
     0
     0
     0
     0
     0
     0
     0
     0
    39
     0
     0
     0
     0
     0
     0
     0
     0
     0
     0
     0
    53
     0
     0
    54
     0
     0
     0
     0
     0
     0
    61
     0
     0
     0
     0
     0
     0
     0
     0
     0
     0
     0
     0
     0
     0
     0
     0
     0
     0
     0
     0
     0
     0
     0
     0
     0
     0
     0
     0
    90
     0
     0
     0
    94
     0
     0
     0
    98
    98
    98
     0
     0
     0
     0
   105
     0
   105
     0
     0
     0
     0
     0
     0
     0
     0
     0
   116
     0
     0
     0
     0
     0
     0
     0
     0
     0
     0
     0
     0
     0
     0
     0
     0
     0
     0
     0
     0
     0
     0
     0
     0
     0
     0
     0
     0
     0
     0
     0
     0
     0
     0
     0
   153
     0
     0
   154
   155
     0
     0
     0
     0
     0
     0
     0
     0
     0
     0
     0
     0
     0
     0
     0
     0
     0
     0
     0
     0
     0
     0
     0
     0
     0
     0
     0
     0
     0
     0
     0
     0
     0
     0
     0
     0
     0
     0
     0
     0
     0
     0
     0
     0
     0
     0
     0
     0
     0
     0
     0
     0
     0
     0
     0
     0
     0
     0
     0
     0
     0
     0
     0
     0
     0
     0
     0
     0
     0
     0
     0
     0
     0
     0
     0
     0
     0
     0
     0
     0
     0
     0
     0
     0
     0
     0
     0
     0
     0
     0
     0
     0
     0
     0
     0
     0
     0
     0
     0
     0
     0
     0
 -2568
     0
     0
 -2574
     0
     0
 -2581
     0
 -2590
 -2616
 -2640
 -2657
     0
 -2680
     0
     0
     0
     0
     0
     0
     0
     0
     0
     0
     0
     0
 -2682
     0
     0
     0
     0
     0
     0
     0
     0
     0
     0
     0
     0
     0
     0
     0
     0
     0
     0
     0
     0
     0
     0
     0
 -2683
     0
     0
     0
     0
     0
     0
     0
     0
     0
     0
     0
     0
 -2703
     0
 -2725
     0
     0
     0
     0
     0
 -2730
     0
 -2745
 -2746
 -2747
 -2748
 -2749
 -2768
     0
     0
 -2770
     0
     0
     0
     0
     0
     0
     0
 -2774
 -2780
     0
     0
     0
     0
     0
     0
     0
     0
     0
     0
     0
 -2786
     0
     0
     0
     0
 -2805
 -2824
 -2848
     0
     0
     0
     0
     0
     0
     0
     0
     0
     0
     0
     0
     0
     0
     0
     0
     0
     0
     0
     0
     0
     0
     0
     0
     0
     0
     0
     0
     0
     0
     0
     0
     0
     0
     0
 -2852
     0
 -2865
     0
     0
     0
     0
     0
     0
     0
     0
     0
     0
     0
     0
     0
     0
     0
     0
     0
     0
     0
     0
     0
     0
     0
     0
     0
     0
     0
     0
     0
     0
     0
     0
    15
    63
    65
    66
    84
   119
   146
   146
   147
   172
   172
   172
   173
   174
   175
   189
     0
     0
     0
     0
     0
     6
    36
     9
   122
   157
   124
   125
   111
   184
   186
   187
   181
   186
   184
   189
     0
     0
     0
     0
     0
    24
     0
     0
   350
     0
     0
     0
     0
     0
     0
     0
     0
     0
     0
     0
     0
    -1
     0
     5
    12
     0
     0
     0
     0
     0
     0
     1
     2
     3
     4
     5
     6
     7
     8
     9
    10
    11
    12
    13
    14
    15
    16
    17
    18
    19
    20
    21
    22
    23
    24
     0
 F
 T
 F
 T
 T
 T
 T
 T
 T
 T
 T
 T
 T
 T
 F
 F
 T
 F
 F
 T
 F
 T
 T
 F
 F
     3
    19
    61
    58
     0
     0
     0
     0
     0
     0
     0
     0
     0
    14
    13
     0
     0
     4
     5
     3
     0
     3
     2
   138
   178
     0
     0
     0
     0
     0
     0
     0
     0
     0
   193
   142
   215
     0
     0
     1
     2
     0
     0
     3
     3
     0
     0
     0
     0
     0
   885
  1022
    -1
    -2
    -3
   -15
  -116
  -149
  -150
  -154
  -156
  -159
  -160
  -162
  -163
  -164
  -168
  -171
  -174
  -175
  -176
  -177
  -178
  -181
  -182
  -184
  -185
  -186
  -187
  -189
  -190
  -191
  -192
  -193
  -196
  -198
  -201
  -203
  -204
  -207
  -208
  -210
  -211
  -212
  -215
  -217
  -218
  -225
  -226
  -227
  -228
  -230
  -232
  -235
  -237
  -238
  -243
  -245
  -246
  -247
  -250
  -257
  -259
  -262
  -263
  -266
  -272
  -274
  -277
  -280
  -283
  -285
  -286
  -287
  -288
  -289
  -290
  -291
  -292
  -293
  -294
  -295
  -296
  -297
  -299
  -301
  -302
  -304
  -305
  -306
  -307
  -308
  -309
  -310
  -311
  -312
  -313
  -314
  -317
  -318
  -319
  -323
  -326
  -327
  -328
  -329
  -331
  -334
  -335
  -337
  -338
  -339
  -340
  -341
  -342
  -345
  -346
  -349
  -351
  -353
  -357
  -364
  -370
  -371
  -373
  -374
  -375
  -376
  -377
  -378
  -380
  -381
  -382
  -383
  -384
  -385
  -386
  -387
  -388
  -389
  -390
  -391
  -392
  -393
  -394
  -396
  -397
  -399
  -401
  -402
  -403
  -405
  -407
  -408
  -409
  -410
  -411
  -412
  -413
  -414
  -415
  -417
  -419
  -423
  -427
  -428
  -429
  -430
  -431
  -433
  -434
  -438
  -440
  -441
  -442
  -443
  -444
  -445
  -446
  -447
  -448
  -449
  -450
  -451
  -453
  -454
  -455
  -456
  -457
  -458
  -460
  -463
  -465
  -467
  -468
  -469
  -470
  -471
  -472
  -474
  -475
  -476
  -478
  -479
  -480
  -481
  -483
  -485
  -486
  -487
  -488
  -489
  -490
  -491
  -492
  -493
  -494
  -495
  -496
  -497
  -499
  -500
  -501
  -502
  -503
  -504
  -505
  -506
  -509
  -510
  -511
  -513
  -514
  -515
  -516
  -519
  -520
  -521
  -522
  -523
  -524
  -525
  -526
  -527
  -528
  -529
  -530
  -531
  -533
  -536
  -537
  -538
  -539
  -540
  -541
  -542
  -543
  -544
  -545
  -550
  -552
  -553
  -556
  -559
  -561
  -564
  -568
  -569
  -570
  -571
  -572
  -573
  -574
  -575
  -577
  -578
  -580
  -581
  -582
  -583
  -584
  -585
  -586
  -589
  -590
  -591
  -594
  -596
  -597
  -598
  -603
  -605
  -606
  -607
  -609
  -610
  -613
  -615
  -616
  -617
  -618
  -619
  -620
  -621
  -623
  -624
  -626
  -627
  -628
  -629
  -630
  -631
  -632
  -633
  -634
  -635
  -636
  -637
  -638
  -639
  -640
  -641
  -642
  -643
  -644
  -645
  -646
  -647
  -648
  -649
  -650
  -651
  -652
  -653
  -654
  -655
  -656
  -659
  -660
  -662
  -663
  -664
  -665
  -666
  -667
  -668
  -669
  -670
  -671
  -672
  -673
  -674
  -675
  -676
  -677
  -678
  -679
  -680
  -681
  -682
  -683
  -684
  -685
  -686
  -687
  -689
  -690
  -693
  -694
  -695
  -696
  -697
  -698
  -699
  -700
  -701
  -702
  -703
  -704
  -705
  -706
  -707
  -708
  -709
  -710
  -711
  -712
  -713
  -714
  -715
  -716
  -717
  -718
  -719
  -720
  -721
  -722
  -723
  -724
  -725
  -726
  -727
  -728
  -729
  -730
  -731
  -732
  -733
  -734
  -735
  -736
  -737
  -738
  -739
  -740
  -741
  -742
  -743
  -744
  -745
  -746
  -747
  -748
  -749
  -750
  -751
  -752
  -754
  -755
  -756
  -757
  -758
  -759
  -760
  -761
  -763
  -765
  -767
  -769
  -770
  -771
  -772
  -773
  -774
  -775
  -778
  -779
  -780
  -781
  -782
  -783
  -784
  -785
  -786
  -787
  -788
  -789
  -790
  -791
  -792
  -794
  -795
  -796
  -797
  -798
  -799
  -800
  -801
  -802
  -803
  -804
  -805
  -806
  -807
  -808
  -809
  -810
  -811
  -812
  -813
  -814
  -815
  -816
  -817
  -818
  -819
  -820
  -821
  -822
  -823
  -824
  -825
  -826
  -827
  -828
  -829
  -830
  -831
  -832
  -833
  -835
  -837
  -838
  -840
  -841
  -843
  -845
  -847
  -848
  -851
  -852
  -854
  -855
  -857
  -858
  -859
  -860
  -862
  -863
  -864
  -865
  -866
  -867
  -868
  -869
  -870
  -871
  -872
  -873
  -874
  -875
  -876
  -877
  -878
  -879
  -880
  -881
  -882
  -884
  -885
  -886
  -888
  -889
  -890
  -891
  -892
  -894
  -895
  -896
  -897
  -898
  -899
  -900
  -901
  -902
  -903
  -904
  -905
  -906
  -907
  -908
  -909
  -910
  -911
  -912
  -913
  -914
  -915
  -916
  -917
  -918
  -919
  -920
  -922
  -925
  -926
  -927
  -928
  -929
  -931
  -932
  -933
  -934
  -935
  -936
  -939
  -942
  -944
  -946
  -950
  -952
  -954
  -956
  -958
  -959
  -960
  -961
  -962
  -964
  -965
  -966
  -967
  -968
  -969
  -970
  -971
  -972
  -973
  -975
  -979
  -982
  -984
  -986
  -988
  -989
  -990
  -991
  -992
  -993
  -994
  -995
  -996
  -997
  -998
  -999
 -1000
 -1001
 -1004
 -1006
 -1008
 -1009
 -1010
 -1011
 -1012
 -1013
 -1014
 -1015
 -1016
 -1020
 -1026
 -1029
 -1030
 -1031
 -1034
 -1038
 -1040
 -1041
 -1042
 -1043
 -1049
 -1050
 -1051
 -1052
 -1053
 -1055
 -1056
 -1057
 -1059
 -1060
 -1061
 -1062
 -1063
 -1065
 -1066
 -1067
 -1068
 -1069
 -1070
 -1071
 -1072
 -1073
 -1074
 -1075
 -1076
 -1077
 -1078
 -1079
 -1080
 -1081
 -1082
 -1083
 -1084
 -1085
 -1089
 -1094
 -1099
 -1100
 -1102
 -1103
 -1104
 -1126
 -1128
 -1130
 -1133
 -1135
 -1137
 -1142
 -1143
 -1144
 -1145
 -1146
 -1147
 -1148
 -1149
 -1150
 -1153
 -1157
 -1162
 -1165
 -1167
 -1169
 -1170
 -1172
 -1177
 -1188
 -1189
 -1190
 -1191
 -1192
 -1193
 -1194
 -1195
 -1196
 -1199
 -1201
 -1202
 -1205
 -1209
 -1219
 -1230
 -1231
 -1232
 -1233
 -1234
 -1235
 -1236
 -1237
 -1238
 -1239
 -1240
 -1242
 -1243
 -1244
 -1245
 -1247
 -1251
 -1253
 -1256
 -1257
 -1261
 -1262
 -1263
 -1264
 -1265
 -1266
 -1267
 -1268
 -1269
 -1270
 -1271
 -1272
 -1273
 -1274
 -1275
 -1276
 -1277
 -1278
 -1279
 -1281
 -1282
 -1297
 -1298
 -1300
 -1301
 -1303
 -1304
 -1305
 -1306
 -1307
 -1308
 -1309
 -1310
 -1311
 -1312
 -1313
 -1314
 -1315
 -1316
 -1317
 -1318
 -1319
 -1320
 -1321
 -1322
 -1330
 -1331
 -1332
 -1333
 -1334
 -1335
 -1336
 -1337
 -1338
 -1339
 -1340
 -1341
 -1342
 -1343
 -1344
 -1345
 -1346
 -1347
 -1348
 -1349
 -1350
 -1351
 -1352
 -1353
 -1354
 -1355
 -1356
 -1357
 -1358
 -1360
 -1362
 -1363
 -1364
 -1365
 -1369
 -1372
 -1373
 -1374
 -1375
 -1376
 -1377
 -1378
 -1379
 -1380
 -1383
 -1384
 -1385
 -1386
 -1387
 -1388
 -1390
 -1391
 -1392
 -1393
 -1394
 -1395
 -1396
 -1397
 -1398
 -1399
 -1400
 -1401
 -1402
 -1403
 -1404
 -1405
 -1406
 -1408
 -1409
 -1410
 -1411
 -1415
 -1418
 -1419
 -1420
 -1421
 -1423
 -1424
 -1425
 -1426
 -1428
 -1430
 -1431
 -1432
 -1433
 -1434
 -1443
 -1444
 -1445
 -1446
 -1447
 -1448
 -1450
 -1451
 -1452
 -1453
 -1454
 -1455
 -1456
 -1457
 -1458
 -1459
 -1460
 -1461
 -1462
 -1463
 -1464
 -1465
 -1466
 -1467
 -1468
 -1469
 -1470
 -1471
 -1472
 -1473
 -1474
 -1475
 -1476
 -1477
 -1478
 -1479
 -1480
 -1481
 -1482
 -1483
 -1484
 -1485
 -1486
 -1487
 -1488
 -1489
 -1490
 -1491
 -1492
 -1493
 -1494
 -1495
 -1496
 -1497
 -1498
 -1499
 -1500
 -1501
 -1502
 -1503
 -1504
 -1505
 -1506
 -1507
 -1508
 -1510
 -1511
 -1512
 -1513
 -1514
 -1515
 -1516
 -1518
 -1520
 -1521
 -1522
 -1523
 -1525
 -1527
 -1528
 -1529
 -1530
 -1531
 -1532
 -1533
 -1534
 -1535
 -1537
 -1538
 -1539
 -1540
 -1541
 -1542
 -1543
 -1544
 -1545
 -1546
 -1547
 -1548
 -1550
 -1551
 -1553
 -1554
 -1555
 -1556
 -1557
 -1558
 -1559
 -1560
 -1561
 -1563
 -1564
 -1565
 -1566
 -1567
 -1569
 -1570
 -1572
 -1573
 -1574
 -1575
 -1577
 -1579
 -1581
 -1582
 -1584
 -1586
 -1587
 -1588
 -1590
 -1592
 -1593
 -1595
 -1597
 -1598
 -1600
 -1602
 -1603
 -1605
 -1607
 -1608
 -1609
 -1610
 -1612
     0
     0
     0
     0
     0
     0
     0
     0
     0
     0
     0
     0
     0
     0
     0
     0
     0
     0
     0
     0
     0
     0
     0
     0
     0
     0
     0
     0
