T fCAw      23.0        25.6 26.7 28.1           56.2      50.1 78.7   1
T fCAb+    100.0        23.6 24.3 25.4           52.2      46.9 78.0   1
T fCAk+    200.0        21.2 22.0 23.4           49.8      42.3 75.8   1
T fCAz     300.0        20.6 21.4 22.7           49.9      45.8 73.4   1
T fCAa+    400.0        19.0 19.8 21.4           50.5      48.3 68.7   1
T fCAq     500.0        18.7 19.5 20.6           49.8      50.9 68.9   1
T fCAg+    600.0        17.5 18.5 20.0           45.9      46.7 69.5   1
T fCAu     700.0        15.2 15.9 17.0           33.4      50.8 48.0   1
T fCAj+    800.0        12.7 12.7 12.7           20.3      95.0 65.3   1
T fCAh+    900.0              7.5  7.2       7.0 11.2     120.1 88.6   1
T fCAi+   1000.0         4.3  4.2  4.1       4.0  6.8     100.4 96.8   1
T fCBh+     23.0        23.6 24.6 26.2           56.4      50.9 76.2   1
T fCBa+    100.0        19.1 20.0 21.2           52.0      49.1 74.1   1
T fCBr     200.0        18.8 19.7 21.1           49.8      43.6 73.0   1
T fCBg+    300.0        15.9 16.8 18.5           49.3      45.6 67.3   1
T fCBy     400.0        15.6 16.3 17.8           49.9      50.5 68.4   1
T fCBd+    500.0        14.5 15.2 16.7           49.0      50.7 64.1   1
T fCBs     600.0        14.6 15.4 16.8           45.8      49.3 67.3   1
T fCBj+    700.0        12.3 13.2 14.3           34.7      42.6 37.2   1
T fCBx     800.0        12.5 12.1 12.2      12.0 20.6      75.6 61.8   1
T fCBq     900.0              7.8  7.7       6.9 11.9      82.2 78.7   1
T fCBv    1000.0         4.9  4.8  4.7       4.7  7.1      76.9 75.8   1
T fCCs      24.0        19.2 20.5 22.4           50.2      51.3 79.4   1
T fCCi+    100.0        17.3 18.4 20.0           46.4      49.4 79.0   1
T fCCp     200.0        14.6 15.9 17.5           44.0      48.5 79.0   1
T fCCh+    300.0        13.9 15.3 17.0           43.2      48.3 75.8   1
T fCCg+    400.0        12.3 13.6 15.2           42.8      52.8 68.7   1
T fCCo     500.0        12.4 13.2 14.8           42.0      55.8 69.1   1
T fCCx     600.0        11.6 12.5 13.9           39.1      49.0 56.7   1
T fCCd+    700.0        10.9 11.7 12.9           31.1      35.3 34.0   1
T fCCb+    800.0        11.4 11.0 11.2      10.9 19.1      75.0 59.0   1
T fCCr     900.0              6.7  6.8       6.4 10.6     104.2 77.7   1
T fCCy    1000.0         4.3  4.3  4.1            6.0      90.4 76.9   1
T fCDu      21.0        24.5 26.0 27.7           56.5      49.8 77.3   1
T fCDu+    100.0        23.5 24.4 25.7 27.0      52.2      46.0 78.5   1
T fCDq     200.0        19.3 20.1 21.3           49.3      45.0 76.2   1
T fCDg+    300.0        17.5 18.2 19.6           48.7      45.6 71.9   1
T fCDw     400.0        16.9 17.7 19.1           49.4      48.7 69.8   1
T fCDr     500.0        18.3 19.1 20.7           49.1      49.4 66.6   1
T fCDb+    600.0        15.1 15.6 16.7           45.0      49.4 68.7   1
T fCDy     700.0        16.9 17.7 18.9           33.8      49.0 51.0   1
T fCDa+    800.0        11.9 11.6 11.8      11.4 20.1      96.3 69.5   1
T fCDj+    900.0              7.2  7.0       7.0 11.2     116.4 86.2   1
T fCDm+   1000.0         4.2  4.2  4.0       4.0  6.7     103.2 97.1   1
T fCEi+     22.0        24.7 26.2 27.9           57.3      44.0 82.9   1
T fCEr+    100.0        21.7 22.9 24.5           52.4      44.5 80.8   1
T fCEj+    200.0        20.1 21.3 22.9           50.0      42.4 80.1   1
T fCEt     300.0        22.9 24.0 25.4           49.9      42.2 75.5   1
T fCEk     400.0        21.0 22.0 23.3           50.1      41.7 69.2   1
T fCEd+    500.0        18.2 19.2 20.3           47.1      44.1 65.6   1
T fCEh+    600.0        16.5 17.6 19.1           43.9      44.1 62.7   1
T fCEz     700.0        17.1 18.2 19.9           34.5      33.6 33.6   1
T fCEv     800.0        11.9 11.7 12.0      11.6 20.7      72.3 54.6   1
T fCEb+    900.0              6.5  6.4       6.2 10.4     100.5 71.0   1
T fCEi    1000.0         3.7  3.6  3.5       3.6  5.9     128.5 89.3   1
T fCFw      20.0        22.3 23.1 24.6           55.6      51.6 77.3   1
T fCFh+    100.0        20.0 20.8 22.0           51.3      50.1 79.7   1
T fCFv     200.0        18.1 19.0 20.2           49.0      45.7 75.1   1
T fCFb+    300.0        15.2 16.2 17.9           48.7      46.7 73.7   1
T fCFa+    400.0        15.9 16.9 18.4           49.2      49.1 68.0   1
T fCFt     500.0        14.2 15.1 16.8           48.6      51.2 66.3   1
T fCFj+    600.0        15.0 15.8 17.0           44.6      47.7 62.8   1
T fCFi+    700.0        13.2 14.0 15.2           33.2      47.6 46.0   1
T fCFq     800.0        12.3 11.9 12.0      11.7 19.8      81.9 65.0   1
T fCFg+    900.0              7.1  7.2       6.2 11.4     105.3 76.6   1
T fCFk+   1000.0         4.3  4.3  4.2       3.9  6.9      89.0 80.1   1
